 The coefficients of the line of best fit are (in ascending order of power)
   1.8695429787556155       -7.2643083754002724        28.817794765146022       -58.761979243407396        61.053318105723534       -25.212434981455949     
 This polynomial is degree
           5
 These coefficients have also been written out to coeff.dat
 The 2-norm of Ax - b, representing our error, is
   3.1025916901776484E-014
 The 2-norm error between the fitted curve and data is
  0.17274771750962778     
 ---------------------------------------------
 Section 2 results:
  
 The matrix A - QR has dimensions and representation 
          21           6
   2.3314683517128287E-015   1.0968453430102160E-015   7.7739614753127131E-016   6.1111017156524859E-016   5.5489166734081174E-016   3.3313959766957009E-016
   4.4408920985006262E-016   7.9797279894933126E-016   7.2121128513735755E-016   5.6757983729616157E-016   5.1498502050230030E-016   3.4476046192218860E-016
   3.3306690738754696E-016   2.6367796834847468E-016   2.6888213877640510E-016   2.7755575615628914E-016   2.8807251722939853E-016   2.1209874405837131E-016
   3.3306690738754696E-016   3.8857805861880479E-016   1.9775847626135601E-016   1.5005358067199381E-016   1.2435798918408736E-016   9.9190946255267587E-017
   4.4408920985006262E-016   3.6082248300317588E-016   2.4980018054066022E-016   2.1684043449710089E-016   2.0534789146875454E-016   1.2430377907546308E-016
   4.4408920985006262E-016   3.0531133177191805E-016   1.6653345369377348E-016   1.1102230246251565E-016   1.1145598333150986E-016   4.1741783640691921E-017
   3.3306690738754696E-016   2.7755575615628914E-016   1.3877787807814457E-016   1.4224732503009818E-016   1.2836953722228372E-016   8.1532003370909933E-017
   3.3306690738754696E-016   2.2204460492503131E-016   1.2490009027033011E-016   1.0408340855860843E-016   1.2143064331837650E-016   9.7144514654701197E-017
   4.4408920985006262E-016   2.2204460492503131E-016   5.5511151231257827E-017   5.5511151231257827E-017  -2.7755575615628914E-017  -4.8572257327350599E-017
   4.4408920985006262E-016   1.6653345369377348E-016   8.3266726846886741E-017   5.5511151231257827E-017   2.7755575615628914E-017   5.2041704279304213E-017
   3.3306690738754696E-016   1.6653345369377348E-016   2.7755575615628914E-017   5.5511151231257827E-017   2.7755575615628914E-017  -2.7755575615628914E-017
   4.4408920985006262E-016   2.2204460492503131E-016   5.5511151231257827E-017   5.5511151231257827E-017   1.3877787807814457E-017   2.7755575615628914E-017
   3.3306690738754696E-016   2.2204460492503131E-016   0.0000000000000000       -5.5511151231257827E-017  -5.5511151231257827E-017  -2.7755575615628914E-017
   3.3306690738754696E-016   1.1102230246251565E-016  -5.5511151231257827E-017   0.0000000000000000        2.7755575615628914E-017   2.7755575615628914E-017
   3.3306690738754696E-016   0.0000000000000000       -5.5511151231257827E-017   5.5511151231257827E-017  -5.5511151231257827E-017   0.0000000000000000     
   4.4408920985006262E-016   0.0000000000000000       -1.1102230246251565E-016  -1.1102230246251565E-016   0.0000000000000000        0.0000000000000000     
   3.3306690738754696E-016   0.0000000000000000        0.0000000000000000        1.1102230246251565E-016   0.0000000000000000        0.0000000000000000     
   4.4408920985006262E-016   0.0000000000000000       -1.1102230246251565E-016  -1.1102230246251565E-016  -1.1102230246251565E-016   0.0000000000000000     
   4.4408920985006262E-016   0.0000000000000000        0.0000000000000000       -2.2204460492503131E-016  -1.1102230246251565E-016   0.0000000000000000     
   3.3306690738754696E-016   0.0000000000000000       -1.1102230246251565E-016  -1.1102230246251565E-016   0.0000000000000000        0.0000000000000000     
   4.4408920985006262E-016   0.0000000000000000        0.0000000000000000        0.0000000000000000        0.0000000000000000        0.0000000000000000     
  
 The Euclidean norm of column           1 is   2.9184298151674148E-015
 The Euclidean norm of column           2 is   1.6204327522765821E-015
 The Euclidean norm of column           3 is   1.1907547552862100E-015
 The Euclidean norm of column           4 is   1.0013319689567148E-015
 The Euclidean norm of column           5 is   8.8964504746157150E-016
 The Euclidean norm of column           6 is   5.7104632917365445E-016
  
 The matrix Q^TQ - I has the following dimensions and representation 
          21          21
  -8.8817841970012523E-016  -2.0634984754729694E-016  -1.5979960358080075E-016   2.1420011213998882E-016   1.5500024051185608E-016  -4.2050965975903387E-017   5.6176444072223075E-017  -6.0034350737245654E-017  -4.5509512876528198E-017   7.2637803858660243E-018  -1.0486400522343049E-016  -5.8906137088382484E-017  -9.8310973451176024E-017  -8.3363029401019249E-018  -2.4761854176572229E-017  -1.1238569818829243E-016  -1.1353900125336340E-017  -9.4023881639615271E-017  -6.3933366536310627E-017  -9.3473824362059410E-017  -3.6464234386443537E-017
  -2.0634984754729694E-016   6.6613381477509392E-016  -1.3525936808471600E-016   5.5208192264583772E-017   1.0928617004892877E-016  -9.4431921782136169E-017   4.5175345366730497E-018  -2.8296461867602224E-017   6.0798300151387690E-018  -5.6779552740925925E-017  -2.1072079373364085E-017  -1.3967249499284855E-017  -7.0623183232375268E-017  -1.9775810529147154E-017  -6.7658582980286137E-017   8.6752966614885030E-018  -1.1653411120459062E-016  -1.1172574826994056E-016  -9.8689338934234301E-017  -1.9452651779453193E-016  -1.4787720226757750E-016
  -1.5979960358080075E-016  -1.3525936808471600E-016  -2.2204460492503131E-016   1.7068419504684663E-016   6.3535572869325523E-017  -1.5062325140101017E-016  -4.7725012357921207E-017   1.6637832100030241E-016   5.0286966855747927E-017  -2.5069927381707402E-018   8.5382976745267412E-017   9.3743523315102464E-017  -1.2579167659757531E-016   6.8409975827271433E-017  -2.9413564159467805E-017  -4.9317475346646378E-019  -5.4662773203043745E-017  -1.5767645052327996E-016  -1.7674026806471134E-016  -1.5968357438285938E-016  -1.3889200184849441E-016
   2.1420011213998882E-016   5.5208192264583772E-017   1.7068419504684663E-016   0.0000000000000000       -1.4573582665861613E-016  -7.3233559550164182E-017   9.1500813558636159E-017  -1.1795444748914637E-016  -3.6224175425891705E-017   8.9059203950539518E-017  -2.5831853664310583E-017   4.6980460625682283E-017  -1.1242510233910697E-017  -2.6312451752732916E-018  -4.8386030890319414E-017   1.5561352421180766E-017   3.3758241036741748E-017   1.0306246187295657E-016   8.1793185185035842E-017   4.8281118604872212E-017  -5.8464406127852827E-017
   1.5500024051185608E-016   1.0928617004892877E-016   6.3535572869325523E-017  -1.4573582665861613E-016   2.2204460492503131E-016   4.7841679846621907E-017   6.0831342427249940E-017   8.9868890767583437E-017   1.4587065050568439E-016   3.9836184633894991E-017   1.2097369467195631E-016  -3.8444060667664603E-017   8.1712717565347205E-018   2.7046308605554578E-017   7.6074487750052047E-017  -7.6699822386663381E-018   2.1740043300868338E-016   8.3105449724055742E-017  -2.0131911450039580E-017  -7.8519506255207537E-018  -7.0425779925555086E-017
  -4.2050965975903387E-017  -9.4431921782136169E-017  -1.5062325140101017E-016  -7.3233559550164182E-017   4.7841679846621907E-017   2.2204460492503131E-016   4.4587807788962974E-017  -1.7015205412279906E-016  -1.5130150086216858E-016  -5.1241779953995248E-017  -7.2470358264298076E-017  -1.1188300444917825E-016  -2.9575488929169336E-016  -1.6175511686172330E-016  -1.3401204836886623E-016  -2.1339164728198322E-017   7.0613792338604159E-017  -9.6885072299848382E-018  -6.4796103315729310E-017  -4.7829898274642605E-017   4.2895928132649490E-018
   5.6176444072223075E-017   4.5175345366730497E-018  -4.7725012357921207E-017   9.1500813558636159E-017   6.0831342427249940E-017   4.4587807788962974E-017   2.2204460492503131E-016  -1.7873665165483276E-017   9.1291750969090495E-017   3.2555288067340822E-017   5.3218050318220343E-017   4.5119846803570275E-017  -7.2331659066074027E-017  -5.3918682945047195E-017  -1.6383967663723931E-017   2.2155226263735507E-018   2.6853904194922118E-017  -2.7083154658151385E-018  -7.9222459421497791E-018   3.0860848675073719E-017   2.3095341468821329E-018
  -6.0034350737245654E-017  -2.8296461867602224E-017   1.6637832100030241E-016  -1.1795444748914637E-016   8.9868890767583437E-017  -1.7015205412279906E-016  -1.7873665165483276E-017   4.4408920985006262E-016  -1.1317134898149693E-016  -4.3237061895748031E-018  -7.1282715383645616E-017   1.8742802260807274E-017  -1.0612338885135543E-016  -9.3184814306939350E-017   1.6943850349141311E-017   4.1653154009266435E-017   7.2100983138715849E-017   5.4267967263923989E-017   5.0712627467507562E-017   4.2544528658741423E-017   3.3078920626863520E-017
  -4.5509512876528198E-017   6.0798300151387690E-018   5.0286966855747927E-017  -3.6224175425891705E-017   1.4587065050568439E-016  -1.5130150086216858E-016   9.1291750969090495E-017  -1.1317134898149693E-016   4.4408920985006262E-016  -5.0417768277645358E-017  -4.4915519226014168E-017  -1.0273022382274903E-016  -7.3593236620596771E-017  -1.2621612305211265E-016  -7.9961802539104530E-017   2.1626950189579263E-017   4.5363509414441322E-017   3.8414180795503253E-017   6.3272203452611014E-017   1.3886649600128344E-017   6.4555264171986644E-017
   7.2637803858660243E-018  -5.6779552740925925E-017  -2.5069927381707402E-018   8.9059203950539518E-017   3.9836184633894991E-017  -5.1241779953995248E-017   3.2555288067340822E-017  -4.3237061895748031E-018  -5.0417768277645358E-017  -4.4408920985006262E-016  -4.9193273917087556E-017  -4.7573205210305397E-017  -3.4876294169430651E-017  -3.2368332441663299E-017  -2.0429168066647686E-017  -2.7837006181668933E-017  -1.2412956042319379E-017   3.3909365103299791E-017   2.4623657217868742E-017   2.2559435183096203E-017  -8.3323375776523407E-018
  -1.0486400522343049E-016  -2.1072079373364085E-017   8.5382976745267412E-017  -2.5831853664310583E-017   1.2097369467195631E-016  -7.2470358264298076E-017   5.3218050318220343E-017  -7.1282715383645616E-017  -4.4915519226014168E-017  -4.9193273917087556E-017   4.4408920985006262E-016  -7.4737000090679443E-017  -2.5180370452700059E-017  -1.6146958928230864E-017   2.0792357169035600E-017  -1.5491908779057850E-017   1.5717670803777630E-017   5.5466170692218256E-017   4.4874904625247067E-017   6.9771126555085914E-018  -3.5224799229984354E-017
  -5.8906137088382484E-017  -1.3967249499284855E-017   9.3743523315102464E-017   4.6980460625682283E-017  -3.8444060667664603E-017  -1.1188300444917825E-016   4.5119846803570275E-017   1.8742802260807274E-017  -1.0273022382274903E-016  -4.7573205210305397E-017  -7.4737000090679443E-017   0.0000000000000000        1.6247684969309818E-016   1.5787695743809450E-016   8.2463957656302955E-017  -2.8197602504633961E-017  -1.2226715784666412E-017   2.7423185494748506E-018   5.7144671550582370E-017  -1.3460873093895204E-017   4.5611151173149472E-017
  -9.8310973451176024E-017  -7.0623183232375268E-017  -1.2579167659757531E-016  -1.1242510233910697E-017   8.1712717565347205E-018  -2.9575488929169336E-016  -7.2331659066074027E-017  -1.0612338885135543E-016  -7.3593236620596771E-017  -3.4876294169430651E-017  -2.5180370452700059E-017   1.6247684969309818E-016   0.0000000000000000        1.6516380343021947E-016   1.0151489336026125E-016  -3.2105048008248244E-017   4.4973605256779554E-017   1.3104624289913548E-017   9.7380028273710908E-018  -2.7773504902651523E-017   1.2845076265102183E-016
  -8.3363029401019249E-018  -1.9775810529147154E-017   6.8409975827271433E-017  -2.6312451752732916E-018   2.7046308605554578E-017  -1.6175511686172330E-016  -5.3918682945047195E-017  -9.3184814306939350E-017  -1.2621612305211265E-016  -3.2368332441663299E-017  -1.6146958928230864E-017   1.5787695743809450E-016   1.6516380343021947E-016  -1.1102230246251565E-016   1.4015587659303121E-016   9.3994723853373208E-017   9.4208537179412831E-017   7.7954509446102986E-018  -5.2678441523172175E-017  -5.8975410222455706E-017   1.5563014475735723E-016
  -2.4761854176572229E-017  -6.7658582980286137E-017  -2.9413564159467805E-017  -4.8386030890319414E-017   7.6074487750052047E-017  -1.3401204836886623E-016  -1.6383967663723931E-017   1.6943850349141311E-017  -7.9961802539104530E-017  -2.0429168066647686E-017   2.0792357169035600E-017   8.2463957656302955E-017   1.0151489336026125E-016   1.4015587659303121E-016   0.0000000000000000        2.0640013156458705E-017   6.6800780872853579E-017  -2.9968958602372231E-017  -8.4452843265474812E-018   3.9830847240076032E-017   6.9631669554371567E-017
  -1.1238569818829243E-016   8.6752966614885030E-018  -4.9317475346646378E-019   1.5561352421180766E-017  -7.6699822386663381E-018  -2.1339164728198322E-017   2.2155226263735507E-018   4.1653154009266435E-017   2.1626950189579263E-017  -2.7837006181668933E-017  -1.5491908779057850E-017  -2.8197602504633961E-017  -3.2105048008248244E-017   9.3994723853373208E-017   2.0640013156458705E-017  -1.1102230246251565E-016  -1.1776335309304016E-017  -9.0919454790645837E-017  -1.0915540602959380E-016  -3.6223298101398339E-017   4.2239252406661641E-017
  -1.1353900125336340E-017  -1.1653411120459062E-016  -5.4662773203043745E-017   3.3758241036741748E-017   2.1740043300868338E-016   7.0613792338604159E-017   2.6853904194922118E-017   7.2100983138715849E-017   4.5363509414441322E-017  -1.2412956042319379E-017   1.5717670803777630E-017  -1.2226715784666412E-017   4.4973605256779554E-017   9.4208537179412831E-017   6.6800780872853579E-017  -1.1776335309304016E-017   2.2204460492503131E-016  -9.2513099934160838E-017  -1.1637496999015376E-016  -1.4335523197108254E-017  -9.4767210175685074E-018
  -9.4023881639615271E-017  -1.1172574826994056E-016  -1.5767645052327996E-016   1.0306246187295657E-016   8.3105449724055742E-017  -9.6885072299848382E-018  -2.7083154658151385E-018   5.4267967263923989E-017   3.8414180795503253E-017   3.3909365103299791E-017   5.5466170692218256E-017   2.7423185494748506E-018   1.3104624289913548E-017   7.7954509446102986E-018  -2.9968958602372231E-017  -9.0919454790645837E-017  -9.2513099934160838E-017   4.4408920985006262E-016   1.1116657404944768E-017   4.7613451098415724E-017   6.3410359273578262E-017
  -6.3933366536310627E-017  -9.8689338934234301E-017  -1.7674026806471134E-016   8.1793185185035842E-017  -2.0131911450039580E-017  -6.4796103315729310E-017  -7.9222459421497791E-018   5.0712627467507562E-017   6.3272203452611014E-017   2.4623657217868742E-017   4.4874904625247067E-017   5.7144671550582370E-017   9.7380028273710908E-018  -5.2678441523172175E-017  -8.4452843265474812E-018  -1.0915540602959380E-016  -1.1637496999015376E-016   1.1116657404944768E-017   2.2204460492503131E-016   4.5048438009463263E-017  -7.2927532162982385E-017
  -9.3473824362059410E-017  -1.9452651779453193E-016  -1.5968357438285938E-016   4.8281118604872212E-017  -7.8519506255207537E-018  -4.7829898274642605E-017   3.0860848675073719E-017   4.2544528658741423E-017   1.3886649600128344E-017   2.2559435183096203E-017   6.9771126555085914E-018  -1.3460873093895204E-017  -2.7773504902651523E-017  -5.8975410222455706E-017   3.9830847240076032E-017  -3.6223298101398339E-017  -1.4335523197108254E-017   4.7613451098415724E-017   4.5048438009463263E-017   2.2204460492503131E-016  -8.8550679344004933E-017
  -3.6464234386443537E-017  -1.4787720226757750E-016  -1.3889200184849441E-016  -5.8464406127852827E-017  -7.0425779925555086E-017   4.2895928132649490E-018   2.3095341468821329E-018   3.3078920626863520E-017   6.4555264171986644E-017  -8.3323375776523407E-018  -3.5224799229984354E-017   4.5611151173149472E-017   1.2845076265102183E-016   1.5563014475735723E-016   6.9631669554371567E-017   4.2239252406661641E-017  -9.4767210175685074E-018   6.3410359273578262E-017  -7.2927532162982385E-017  -8.8550679344004933E-017   2.2204460492503131E-016
  
 The Euclidean norm of column           1 is   9.9905176062659519E-016
 The Euclidean norm of column           2 is   7.9923828302096282E-016
 The Euclidean norm of column           3 is   5.6816400734844297E-016
 The Euclidean norm of column           4 is   4.0741390916218390E-016
 The Euclidean norm of column           5 is   4.7940809711117606E-016
 The Euclidean norm of column           6 is   5.5514980993364111E-016
 The Euclidean norm of column           7 is   3.0587817718168258E-016
 The Euclidean norm of column           8 is   5.7828095213000720E-016
 The Euclidean norm of column           9 is   5.6894168287007726E-016
 The Euclidean norm of column          10 is   4.7633074342084124E-016
 The Euclidean norm of column          11 is   5.1247448003237348E-016
 The Euclidean norm of column          12 is   3.3771077948108417E-016
 The Euclidean norm of column          13 is   4.7589360895114224E-016
 The Euclidean norm of column          14 is   4.3964979734148998E-016
 The Euclidean norm of column          15 is   2.9830349706704094E-016
 The Euclidean norm of column          16 is   2.5201970733458884E-016
 The Euclidean norm of column          17 is   4.0720263287723157E-016
 The Euclidean norm of column          18 is   5.4226514599370552E-016
 The Euclidean norm of column          19 is   3.9249970200696738E-016
 The Euclidean norm of column          20 is   3.8632406768470783E-016
 The Euclidean norm of column          21 is   4.1649645421022970E-016
 The coefficients of the least squares equations projected onto the span of A are 
   1.8695429787603650       -7.2643083755746112        28.817794766367342       -58.761979246578804        61.053318109178960       -25.212434982793923     
 The 2norm error Rx - Qtb is
   1.2202500181627309E-014
